[[ 4.65298033  4.65298033  4.71543646 ... 10.         10.
  10.        ]
 [ 4.71543646  4.65298033  4.71543646 ... 10.         10.
  10.        ]
 [ 4.71543646  4.71543646  4.71543646 ... 10.         10.
  10.        ]
 ...
 [ 1.88364601  1.89380074  1.90406513 ... 10.         10.
  10.        ]
 [ 1.86366081  1.89380074  1.90406513 ... 10.         10.
  10.        ]
 [ 1.85382557 10.          1.89380074 ... 10.         10.
  10.        ]][[4.65298033 4.65298033 4.65298033 ... 1.72628975 1.70121098 1.70121098]
 [4.65298033 4.65298033 4.65298033 ... 1.71784878 1.70121098 1.70121098]
 [4.65298033 4.65298033 4.65298033 ... 1.71784878 1.70121098 1.70121098]
 ...
 [1.86366081 1.86366081 1.89380074 ... 1.75212002 1.75212002 1.74342442]
 [1.85382557 1.85382557 1.88364601 ... 1.75212002 1.75212002 1.75212002]
 [1.85382557 1.85382557 1.86366081 ... 1.75212002 1.75212002 1.75212002]][[4.6529803 4.6529803 4.6529803 ... 1.701211  1.701211  1.701211 ]
 [4.6529803 4.6529803 4.6529803 ... 1.701211  1.701211  1.701211 ]
 [4.6529803 4.6529803 4.6529803 ... 1.701211  1.701211  1.701211 ]
 ...
 [1.8538256 1.8538256 1.8538256 ... 1.7434244 1.7434244 1.7434244]
 [1.8538256 1.8538256 1.8538256 ... 1.7434244 1.7434244 1.7434244]
 [1.8538256 1.8538256 1.8538256 ... 1.7434244 1.7434244 1.7434244]][[4.6529803 4.6529803 4.6529803 ... 1.701211  1.701211  1.701211 ]
 [4.6529803 4.6529803 4.6529803 ... 1.701211  1.701211  1.701211 ]
 [4.6529803 4.6529803 4.6529803 ... 1.701211  1.701211  1.701211 ]
 ...
 [1.8538256 1.8538256 1.8538256 ... 1.7434244 1.7434244 1.7434244]
 [1.8538256 1.8538256 1.8538256 ... 1.7434244 1.7434244 1.7434244]
 [1.8538256 1.8538256 1.8538256 ... 1.7434244 1.7434244 1.7434244]][[ 4.98297882  5.05467606  5.05467606 ... 10.         10.
  10.        ]
 [ 4.98297882  5.05467606  5.05467606 ... 10.         10.
  10.        ]
 [ 4.98297882  5.05467606  5.12846708 ... 10.         10.
  10.        ]
 ...
 [10.         10.         10.         ... 10.         10.
  10.        ]
 [10.         10.         10.         ... 10.         10.
  10.        ]
 [10.         10.         10.         ... 10.         10.
  10.        ]][[ 4.98297882  4.98297882  4.98297882 ...  1.29870605  1.29392242
   1.29392242]
 [ 4.98297882  4.98297882  4.98297882 ...  1.29870605  1.29392242
   1.29392242]
 [ 4.98297882  4.98297882  5.05467606 ...  1.29870605  1.29392242
   1.29392242]
 ...
 [10.         10.         10.         ...  1.22191334  1.20929432
   1.20929432]
 [10.         10.         10.         ...  1.22191334  1.20929432
   1.20929432]
 [10.         10.         10.         ...  1.22191334  1.20929432
   1.20929432]][[ 4.982979   4.982979   4.982979  ...  1.2939224  1.2939224  1.2939224]
 [ 4.982979   4.982979   4.982979  ...  1.2939224  1.2939224  1.2939224]
 [ 4.982979   4.982979   4.982979  ...  1.2939224  1.2939224  1.2939224]
 ...
 [10.        10.        10.        ...  1.2092943  1.2092943  1.2092943]
 [10.        10.        10.        ...  1.2092943  1.2092943  1.2092943]
 [10.        10.        10.        ...  1.2092943  1.2092943  1.2092943]][[4.982979  4.982979  4.982979  ... 1.2939224 1.2939224 1.2939224]
 [4.982979  4.982979  4.982979  ... 1.2939224 1.2939224 1.2939224]
 [4.982979  4.982979  4.982979  ... 1.2939224 1.2939224 1.2939224]
 ...
 [1.834465  1.834465  1.834465  ... 1.2092943 1.2092943 1.2092943]
 [1.834465  1.834465  1.834465  ... 1.2092943 1.2092943 1.2092943]
 [1.834465  1.834465  1.834465  ... 1.2092943 1.2092943 1.2092943]][[ 5.28270674  5.36335897  5.44651175 ... 10.         10.
  10.        ]
 [ 5.20444441  5.28270674  5.36335897 ... 10.         10.
  10.        ]
 [ 5.28270674  5.28270674  5.36335897 ... 10.         10.
  10.        ]
 ...
 [ 1.4486599   1.45465851  1.45465851 ... 10.         10.
  10.        ]
 [ 1.4486599   1.4486599   1.45465851 ... 10.         10.
  10.        ]
 [ 1.4486599   1.4486599   1.45465851 ... 10.         10.
  10.        ]][[5.20444441 5.20444441 5.20444441 ... 6.21769905 5.80661154 5.80661154]
 [5.20444441 5.20444441 5.28270674 ... 6.10956526 5.80661154 5.80661154]
 [5.20444441 5.20444441 5.28270674 ... 6.10956526 5.80661154 5.80661154]
 ...
 [1.44271088 1.44271088 1.44271088 ... 1.49808121 1.4854126  1.4854126 ]
 [1.44271088 1.44271088 1.44271088 ... 1.49808121 1.4854126  1.4854126 ]
 [1.44271088 1.44271088 1.44271088 ... 1.49808121 1.4854126  1.4854126 ]][[5.2044444 5.2044444 5.2044444 ... 5.8066115 5.8066115 5.8066115]
 [5.2044444 5.2044444 5.2044444 ... 5.8066115 5.8066115 5.8066115]
 [5.2044444 5.2044444 5.2044444 ... 5.8066115 5.8066115 5.8066115]
 ...
 [1.4427109 1.4427109 1.4427109 ... 1.4854126 1.4854126 1.4854126]
 [1.4427109 1.4427109 1.4427109 ... 1.4854126 1.4854126 1.4854126]
 [1.4427109 1.4427109 1.4427109 ... 1.4854126 1.4854126 1.4854126]][[5.2044444 5.2044444 5.2044444 ... 5.8066115 5.8066115 5.8066115]
 [5.2044444 5.2044444 5.2044444 ... 5.8066115 5.8066115 5.8066115]
 [5.2044444 5.2044444 5.2044444 ... 5.8066115 5.8066115 5.8066115]
 ...
 [1.4427109 1.4427109 1.4427109 ... 1.4854126 1.4854126 1.4854126]
 [1.4427109 1.4427109 1.4427109 ... 1.4854126 1.4854126 1.4854126]
 [1.4427109 1.4427109 1.4427109 ... 1.4854126 1.4854126 1.4854126]][[ 4.47515917  4.53290319  4.53290319 ... 10.         10.
  10.        ]
 [ 4.47515917  4.53290319  4.53290319 ... 10.         10.
  10.        ]
 [ 4.47515917  4.53290319  4.53290319 ... 10.         10.
  10.        ]
 ...
 [ 1.4791584   1.4791584   1.4854126  ... 10.         10.
  10.        ]
 [ 1.4791584   1.4791584   1.4854126  ... 10.         10.
  10.        ]
 [ 1.4729557   1.4791584   1.4791584  ... 10.         10.
  10.        ]][[4.47515917 4.47515917 4.47515917 ... 4.71543646 4.53290319 4.53290319]
 [4.47515917 4.47515917 4.47515917 ... 4.71543646 4.53290319 4.53290319]
 [4.47515917 4.47515917 4.53290319 ... 4.71543646 4.53290319 4.53290319]
 ...
 [1.4791584  1.4791584  1.4791584  ... 2.07256603 2.04839659 2.04839659]
 [1.4729557  1.4729557  1.4791584  ... 2.07256603 2.04839659 2.04839659]
 [1.4729557  1.4729557  1.4791584  ... 2.07256603 2.04839659 2.04839659]][[4.475159  4.475159  4.475159  ... 4.532903  4.532903  4.532903 ]
 [4.475159  4.475159  4.475159  ... 4.532903  4.532903  4.532903 ]
 [4.475159  4.475159  4.475159  ... 4.532903  4.532903  4.532903 ]
 ...
 [1.4729557 1.4729557 1.4729557 ... 2.0483966 2.0483966 2.0483966]
 [1.4729557 1.4729557 1.4729557 ... 2.0483966 2.0483966 2.0483966]
 [1.4729557 1.4729557 1.4729557 ... 2.0483966 2.0483966 2.0483966]][[4.475159  4.475159  4.475159  ... 4.532903  4.532903  4.532903 ]
 [4.475159  4.475159  4.475159  ... 4.532903  4.532903  4.532903 ]
 [4.475159  4.475159  4.475159  ... 4.532903  4.532903  4.532903 ]
 ...
 [1.4729557 1.4729557 1.4729557 ... 2.0483966 2.0483966 2.0483966]
 [1.4729557 1.4729557 1.4729557 ... 2.0483966 2.0483966 2.0483966]
 [1.4729557 1.4729557 1.4729557 ... 2.0483966 2.0483966 2.0483966]][[ 4.15739632  4.15739632  4.1087718  ... 10.         10.
  10.        ]
 [ 4.15739632  4.15739632  4.15739632 ... 10.         10.
  10.        ]
 [ 4.15739632  4.20718575  4.15739632 ... 10.         10.
  10.        ]
 ...
 [10.         10.         10.         ... 10.         10.
  10.        ]
 [10.         10.         10.         ... 10.         10.
  10.        ]
 [10.         10.         10.         ... 10.         10.
  10.        ]][[ 4.1087718   4.1087718   4.1087718  ...  5.90420151  5.71219492
   5.71219492]
 [ 4.1087718   4.1087718   4.1087718  ...  5.90420151  5.71219492
   5.71219492]
 [ 4.1087718   4.1087718   4.15739632 ...  5.90420151  5.71219492
   5.71219492]
 ...
 [10.         10.         10.         ...  2.21640396  2.20250797
   2.20250797]
 [10.         10.         10.         ...  2.21640396  2.20250797
   2.20250797]
 [10.         10.         10.         ...  2.21640396  2.20250797
   2.20250797]][[4.108772  4.108772  4.108772  ... 5.712195  5.712195  5.712195 ]
 [4.108772  4.108772  4.108772  ... 5.712195  5.712195  5.712195 ]
 [4.108772  4.108772  4.108772  ... 5.712195  5.712195  5.712195 ]
 ...
 [1.4486599 1.4486599 1.4427109 ... 2.202508  2.202508  2.202508 ]
 [1.4486599 1.4486599 1.4486599 ... 2.202508  2.202508  2.202508 ]
 [1.4486599 1.4486599 1.4486599 ... 2.202508  2.202508  2.202508 ]][[4.108772  4.108772  4.108772  ... 5.712195  5.712195  5.712195 ]
 [4.108772  4.108772  4.108772  ... 5.712195  5.712195  5.712195 ]
 [4.108772  4.108772  4.108772  ... 5.712195  5.712195  5.712195 ]
 ...
 [1.4486599 1.4486599 1.4427109 ... 2.202508  2.202508  2.202508 ]
 [1.4486599 1.4486599 1.4486599 ... 2.202508  2.202508  2.202508 ]
 [1.4486599 1.4486599 1.4486599 ... 2.202508  2.202508  2.202508 ]][[10.         10.         10.         ... 10.         10.
  10.        ]
 [10.         10.         10.         ... 10.         10.
  10.        ]
 [10.         10.         10.         ... 10.         10.
  10.        ]
 ...
 [ 1.77873421  1.76977348  1.76977348 ... 10.         10.
  10.        ]
 [ 1.77873421  1.77873421  1.77873421 ... 10.         10.
  10.        ]
 [ 1.77873421  1.77873421  1.76977348 ... 10.         10.
  10.        ]][[2.21640396 2.21640396 2.21640396 ... 3.32985783 3.29859161 3.29859161]
 [2.21640396 2.21640396 2.21640396 ... 3.32985783 3.29859161 3.26790714]
 [2.21640396 2.21640396 2.21640396 ... 3.32985783 3.26790714 3.26790714]
 ...
 [1.76977348 1.76977348 1.76977348 ... 1.78778648 1.77873421 1.77873421]
 [1.76977348 1.76977348 1.76977348 ... 1.78778648 1.77873421 1.77873421]
 [1.76977348 1.76977348 1.76977348 ... 1.78778648 1.77873421 1.77873421]][[2.216404  2.216404  2.216404  ... 3.2679071 3.2679071 3.2679071]
 [2.216404  2.216404  2.216404  ... 3.2679071 3.2679071 3.2679071]
 [2.216404  2.216404  2.216404  ... 3.2679071 3.2679071 3.2679071]
 ...
 [1.7697735 1.7697735 1.7697735 ... 1.7787342 1.7787342 1.7787342]
 [1.7697735 1.7697735 1.7697735 ... 1.7787342 1.7787342 1.7787342]
 [1.7697735 1.7697735 1.7697735 ... 1.7787342 1.7787342 1.7787342]][[2.216404  2.216404  2.216404  ... 3.2679071 3.2679071 3.2679071]
 [2.216404  2.216404  2.216404  ... 3.2679071 3.2679071 3.2679071]
 [2.216404  2.216404  2.216404  ... 3.2679071 3.2679071 3.2679071]
 ...
 [1.7697735 1.7697735 1.7697735 ... 1.7787342 1.7787342 1.7787342]
 [1.7697735 1.7697735 1.7697735 ... 1.7787342 1.7787342 1.7787342]
 [1.7697735 1.7697735 1.7697735 ... 1.7787342 1.7787342 1.7787342]]